（220AVB，150be）
HSMH=[0.8454545454545455, 0.7272727272727273, 0.6266666666666667, 0.9908928571428571]
EDF=[0.8545454545454545, 0.759090909090909, 0.56, 0.9663095238095238]
PASA=[0.8590909090909091, 0.6818181818181818, 0.5333333333333333, 0.9704166666666667]
BT=[0.7909090909090909, 0.5727272727272728, 0.52, 0.8939880952380952]
（120avb,150be）
HSMH=[1.0, 1.0, 0.9933333333333333, 0.987202380952381]
EDF=[1.0, 1.0, 0.94, 0.9600595238095239]
PASA=[1.0, 0.9666666666666667, 0.9533333333333334, 0.9716071428571429]
BT=[1.0, 0.9416666666666667, 0.8266666666666667, 0.9067857142857143]
（170avb,150be）
HSMH=[1.0, 1.0, 0.62, 0.9880952380952381]
EDF=[1.0, 1.0, 0.5733333333333334, 0.9750595238095238]
PASA=[1.0, 0.8352941176470589, 0.5733333333333334, 0.9750595238095238]
BT=[0.9588235294117647, 0.7352941176470589, 0.5466666666666666, 0.92]
（270AVB，150be）
HSMH=[0.6962962962962963, 0.6814814814814815, 0.6133333333333333, 0.9900595238095238]
EDF=[0.6888888888888889, 0.6888888888888889, 0.54, 0.9664285714285714]
PASA=[0.6703703703703704, 0.5481481481481482, 0.5666666666666667, 0.9735714285714285]
BT=[0.6111111111111112, 0.4740740740740741, 0.54, 0.9100595238095238]


edf_a = (57,78,90,106) edf_b = (63,92,98,80)

hsmh_a = (57,78,106,130) hsmh_b = (63,92,80,58)